MutationType	ID83A	ID83B	ID83C	ID83D
1:Del:C:0	0.06859527956694364	0.042729992605745795	0.04512734282761812	0.022794994991272688
1:Del:C:1	0.05034462362527847	0.03884889036417007	0.0222689189016819	0.013556671425430978
1:Del:C:2	0.05892030261456967	0.01381503062025331	0.00355756501974156	0.01001693503263823
1:Del:C:3	0.012333186259877494	0.014607151797196138	0.006675425922638567	0.004265614282175534
1:Del:C:4	0.003724569675441103	0.01704490717988847	0.012111162936707841	0.017861459151504278
1:Del:C:5	0.003941832338205132	0.0032976830364916053	0.04388791284372928	0.11267749406397343
1:Del:T:0	0.054177934930976335	0.11177471801638603	0.05267036771401763	0.019355752470892183
1:Del:T:1	0.014508840825396874	0.021928900362308924	0.021020455192774533	0.00840006791638075
1:Del:T:2	0.022635513085992896	0.017792360613384517	0.00776283437394909	0.005060930561546684
1:Del:T:3	0.008238737716737887	0.00644886281328354	0.015797203644177672	0.010233640891200935
1:Del:T:4	0.007294417734146919	0.007158534784468884	0.009892763162724805	0.0159588357899338
1:Del:T:5	0.0563420542050153	0.04273252947605215	0.1011573314666748	0.18360983580350876
1:Ins:C:0	0.005594588006783851	0.011605743272230028	0.01192541614267668	0.004108142531583781
1:Ins:C:1	0.002745876667665925	0.0083788192116117	0.022195563302375376	0.011537745710256786
1:Ins:C:2	0.006025152350309782	0.02227038704303368	0.009737733432632466	0.010284597777092586
1:Ins:C:3	0.0024769318342066525	0.0026228913373699926	0.004925603410657686	0.005568763467306326
1:Ins:C:4	0.002139687857857098	0.0011874046203729448	0.003700509133361152	0.007885491909945586
1:Ins:C:5	0.03325162600631302	0.004217173345386982	0.013503731738273928	0.10081068873405456
1:Ins:T:0	0.0011855787245622195	0.006679310348908984	0.003723432908986979	0.014126595807533704
1:Ins:T:1	0.009505346514424673	0.023900084709748626	0.021824208376347087	0.018111144099384545
1:Ins:T:2	0.008664160098970797	0.005392282303279217	0.0017901341893932	0.004400444875170706
1:Ins:T:3	1.7679364077594073e-06	2.5799124841796583e-06	2.7477993967295335e-06	2.832589154877496e-06
1:Ins:T:4	0.00020021746489504722	0.0014060090576833773	0.0017984626739803388	2.011091888221017e-06
1:Ins:T:5	0.041051558595358986	0.038178497552871705	0.12631605081260205	0.14381928220391274
2:Del:R:0	0.006931734370118648	0.026206609728978945	0.016093131344314317	0.003745693396172101
2:Del:R:1	0.013607560191303492	0.024465703793703143	0.022391267263469673	0.01183353178203106
2:Del:R:2	0.0028131037742980423	0.010955142636547066	0.0059207743090610165	0.0021384723186372414
2:Del:R:3	0.004857221476703444	0.009107742693595355	0.00573701852139834	0.0015823495608685788
2:Del:R:4	0.0007182888056291858	0.0005070790666422909	0.006778178125349754	0.0048486369771922
2:Del:R:5	0.00927001500479605	0.017760307082915004	0.01499551509016328	0.019199617160484194
3:Del:R:0	0.032935910997912286	0.02017185177612646	0.004063087765555906	8.264412088010431e-07
3:Del:R:1	0.027165585197508335	0.011592817095515785	0.007784217687094497	0.007000194133138393
3:Del:R:2	0.008523082895135304	0.0055791473083814935	0.004937062072744425	0.0067069885283444815
3:Del:R:3	0.014915306723997901	0.017303359689714172	0.045354229118674996	0.012556491002169424
3:Del:R:4	0.012419600333640802	0.006620484474595401	0.04034804496914148	0.02963146809488535
3:Del:R:5	0.0037295887315735854	0.0020356132508368317	0.0014600769490414223	0.0028474021180272756
4:Del:R:0	0.009299689088948071	0.004972818472246843	0.004806071440044945	0.0006918566050188701
4:Del:R:1	0.005947478458483602	0.0028250439317559994	0.004819694802756657	0.0004401127002608973
4:Del:R:2	0.000814047199247625	0.0006641422574091393	0.0013668815768880904	0.0014009452323307415
4:Del:R:3	1.7679364077594073e-06	2.5799124841796583e-06	2.7477993967295335e-06	2.832589154877496e-06
4:Del:R:4	1.7679364077594073e-06	2.5799124841796583e-06	2.7477993967295335e-06	2.832589154877496e-06
4:Del:R:5	1.7679364077594073e-06	2.5799124841796583e-06	2.7477993967295335e-06	2.832589154877496e-06
5:Del:R:0	0.09314342774450779	0.023356324434280394	0.020045019499957562	0.03573609840532299
5:Del:R:1	0.008757745199523015	0.01563800354488194	0.012563465339889035	0.011399628345429846
5:Del:R:2	0.020632231188938022	0.019894813853034064	0.0026179648274819558	3.875195381031205e-07
5:Del:R:3	1.443692576685862e-06	0.0009219637069406872	0.0008485126903849504	0.001117637479330824
5:Del:R:4	1.7679364077594073e-06	2.5799124841796583e-06	2.7477993967295335e-06	2.832589154877496e-06
5:Del:R:5	1.7679364077594073e-06	2.5799124841796583e-06	2.7477993967295335e-06	2.832589154877496e-06
2:Ins:R:0	0.0021866538729113927	0.006589011126766309	0.004918885286640773	0.000809292431722497
2:Ins:R:1	0.004396267080505822	0.0013648057079024057	0.005182686838054451	0.0036466579817158616
2:Ins:R:2	0.0009799687443205584	0.00021629636451052646	0.0006282933305328698	0.0002875999032880827
2:Ins:R:3	0.002124787931029459	0.0002544284593454904	0.004526230401609155	0.002263180985562485
2:Ins:R:4	0.00027870078531577747	0.0029603852528566677	0.0004252577699674021	2.2649354605164262e-06
2:Ins:R:5	0.0010124271654831317	0.00021618656541875226	3.1531868899037362e-06	0.000286639675709921
3:Ins:R:0	0.004078171237171091	0.0077423014346464925	0.006730275641467642	0.0009577196769910756
3:Ins:R:1	0.0015066873748963872	0.003181635818015138	0.0019120603624230626	0.00079637365772669
3:Ins:R:2	0.002895586038559372	0.005678329074805788	0.0005376412718646861	1.2886571894910047e-06
3:Ins:R:3	0.00035683595843920556	1.988118845019926e-06	0.0003811371480566095	0.0015871410907152494
3:Ins:R:4	0.0015279403763258869	0.001222607160661937	0.0023993804875772186	1.7237802268255109e-06
3:Ins:R:5	1.7679364077594073e-06	2.5799124841796583e-06	2.7477993967295335e-06	2.832589154877496e-06
4:Ins:R:0	0.00964337607974528	0.006300400049451582	0.0003561960450909396	2.1732766782633916e-06
4:Ins:R:1	0.0001523775933833349	0.001112190702821181	0.004046822095006064	0.004686921580724856
4:Ins:R:2	0.0010145998033067372	0.00023115298171987319	0.0001921417070647635	0.0011911902670476593
4:Ins:R:3	0.0020364354988913645	0.003512119350151011	0.0011341977482516087	1.8005794061082269e-06
4:Ins:R:4	1.7679364077594073e-06	2.5799124841796583e-06	2.7477993967295335e-06	2.832589154877496e-06
4:Ins:R:5	1.7679364077594073e-06	2.5799124841796583e-06	2.7477993967295335e-06	2.832589154877496e-06
5:Ins:R:0	0.024928713858753327	0.04136172036133985	1.2724896845384136e-05	1.7191440599617634e-05
5:Ins:R:1	0.0030467702900750736	0.01694408037969879	0.04410209267261962	0.034667326422459156
5:Ins:R:2	0.001913533195620687	0.004801944707980965	0.001913566178865267	2.5751327058287642e-06
5:Ins:R:3	1.7679364077594073e-06	2.5799124841796583e-06	2.7477993967295335e-06	2.832589154877496e-06
5:Ins:R:4	1.7679364077594073e-06	2.5799124841796583e-06	2.7477993967295335e-06	2.832589154877496e-06
5:Ins:R:5	1.7679364077594073e-06	2.5799124841796583e-06	2.7477993967295335e-06	2.832589154877496e-06
2:Del:M:1	0.012947539053857326	0.018840461356330707	0.02653896939613105	0.00960943356134294
3:Del:M:1	0.010961282272558038	0.002490557917084857	0.01665231435364376	0.00341719812712995
3:Del:M:2	0.009261877954617147	0.0071477296101932096	0.012814908457221464	0.011347702380862756
4:Del:M:1	0.003904683241012208	0.0009053773637802464	0.004645711794910312	0.004616402798939134
4:Del:M:2	0.005334138651181775	0.007086365778575754	0.002894656616518887	0.0008448328735596533
4:Del:M:3	0.004384886044704217	0.005690684045038097	0.0038923361813374413	0.005545849685802295
5:Del:M:1	0.06185637190937996	0.05724764727056027	0.029404804483056067	0.010000168065380422
5:Del:M:2	0.042990998034656516	0.051938217263523254	0.01720480780086291	0.0026557104912853903
5:Del:M:3	0.017610883060842752	0.016810951739171288	0.0038125956666533512	0.0014380308946726928
5:Del:M:4	0.004365190746680981	0.0026576789266187007	0.004746533710954281	0.0012785980313537947
5:Del:M:5	0.011899964471120938	0.040864653699100015	0.011656302943652008	0.0006776453145647566
