MutationType	ID83A	ID83B	ID83C	ID83D
1:Del:C:0	7.89E-03	7.93E-03	1.02E-02	6.79E-03
1:Del:C:1	3.80E-03	6.43E-03	4.82E-03	4.50E-03
1:Del:C:2	9.07E-03	4.29E-03	2.31E-03	3.27E-03
1:Del:C:3	4.55E-03	5.59E-03	3.57E-03	4.26E-03
1:Del:C:4	1.44E-03	3.25E-03	3.17E-03	4.25E-03
1:Del:C:5	2.39E-03	1.85E-03	1.28E-02	1.23E-02
1:Del:T:0	7.49E-03	9.39E-03	1.25E-02	6.84E-03
1:Del:T:1	3.25E-03	4.98E-03	5.48E-03	3.24E-03
1:Del:T:2	4.60E-03	5.84E-03	3.22E-03	1.98E-03
1:Del:T:3	1.83E-03	3.83E-03	5.19E-03	3.36E-03
1:Del:T:4	2.73E-03	4.72E-03	1.98E-03	3.64E-03
1:Del:T:5	1.42E-02	8.09E-03	1.65E-02	1.03E-02
1:Ins:C:0	3.46E-03	3.19E-03	5.13E-03	1.52E-03
1:Ins:C:1	1.51E-03	2.84E-03	7.82E-03	3.43E-03
1:Ins:C:2	3.31E-03	8.06E-03	4.61E-03	2.85E-03
1:Ins:C:3	1.15E-03	1.16E-03	2.08E-03	1.62E-03
1:Ins:C:4	7.91E-04	7.95E-04	1.62E-03	2.62E-03
1:Ins:C:5	7.98E-03	3.65E-03	6.47E-03	1.35E-02
1:Ins:T:0	5.19E-04	1.80E-03	2.39E-03	3.24E-03
1:Ins:T:1	3.11E-03	6.54E-03	6.46E-03	3.12E-03
1:Ins:T:2	3.16E-03	2.24E-03	1.25E-03	1.22E-03
1:Ins:T:3	1.11E-07	3.51E-07	3.39E-07	1.77E-07
1:Ins:T:4	1.99E-04	8.17E-04	1.05E-03	3.93E-07
1:Ins:T:5	9.29E-03	8.02E-03	1.53E-02	1.46E-02
2:Del:R:0	2.43E-03	5.89E-03	4.86E-03	1.64E-03
2:Del:R:1	4.04E-03	6.69E-03	9.00E-03	2.87E-03
2:Del:R:2	1.82E-03	2.80E-03	2.78E-03	1.08E-03
2:Del:R:3	3.02E-03	3.26E-03	3.47E-03	1.58E-03
2:Del:R:4	3.80E-04	5.04E-04	2.50E-03	1.85E-03
2:Del:R:5	3.91E-03	5.43E-03	5.72E-03	4.25E-03
3:Del:R:0	6.38E-03	6.08E-03	2.89E-03	4.73E-07
3:Del:R:1	4.26E-03	4.37E-03	3.64E-03	3.65E-03
3:Del:R:2	1.85E-03	2.05E-03	2.49E-03	2.56E-03
3:Del:R:3	5.17E-03	7.18E-03	1.19E-02	3.64E-03
3:Del:R:4	4.54E-03	2.65E-03	9.42E-03	8.10E-03
3:Del:R:5	1.61E-03	1.18E-03	8.85E-04	1.09E-03
4:Del:R:0	1.62E-03	2.46E-03	1.85E-03	6.87E-04
4:Del:R:1	2.24E-03	1.36E-03	2.39E-03	4.37E-04
4:Del:R:2	6.16E-04	4.69E-04	1.07E-03	9.60E-04
4:Del:R:3	1.11E-07	3.51E-07	3.39E-07	1.77E-07
4:Del:R:4	1.11E-07	3.51E-07	3.39E-07	1.77E-07
4:Del:R:5	1.11E-07	3.51E-07	3.39E-07	1.77E-07
5:Del:R:0	7.09E-03	7.43E-03	8.28E-03	4.52E-03
5:Del:R:1	2.78E-03	8.98E-03	4.68E-03	4.53E-03
5:Del:R:2	2.85E-03	3.59E-03	1.51E-03	2.17E-07
5:Del:R:3	1.83E-07	6.14E-04	8.46E-04	8.64E-04
5:Del:R:4	1.11E-07	3.51E-07	3.39E-07	1.77E-07
5:Del:R:5	1.11E-07	3.51E-07	3.39E-07	1.77E-07
2:Ins:R:0	9.99E-04	1.95E-03	2.24E-03	8.08E-04
2:Ins:R:1	1.62E-03	9.44E-04	2.91E-03	1.95E-03
2:Ins:R:2	5.20E-04	2.14E-04	4.17E-04	2.84E-04
2:Ins:R:3	1.05E-03	2.29E-04	2.53E-03	1.29E-03
2:Ins:R:4	2.77E-04	1.94E-03	4.23E-04	2.16E-07
2:Ins:R:5	4.16E-04	2.14E-04	7.73E-07	2.84E-04
3:Ins:R:0	1.72E-03	2.87E-03	2.14E-03	7.62E-04
3:Ins:R:1	7.49E-04	1.20E-03	1.28E-03	5.62E-04
3:Ins:R:2	1.45E-03	1.53E-03	4.25E-04	3.12E-07
3:Ins:R:3	2.38E-04	2.44E-07	3.79E-04	1.58E-03
3:Ins:R:4	7.92E-04	7.64E-04	1.27E-03	2.53E-07
3:Ins:R:5	1.11E-07	3.51E-07	3.39E-07	1.77E-07
4:Ins:R:0	2.66E-03	2.49E-03	3.55E-04	8.30E-07
4:Ins:R:1	1.51E-04	5.97E-04	1.71E-03	1.59E-03
4:Ins:R:2	4.58E-04	2.29E-04	1.89E-04	1.19E-03
4:Ins:R:3	9.71E-04	1.87E-03	7.85E-04	2.42E-07
4:Ins:R:4	1.11E-07	3.51E-07	3.39E-07	1.77E-07
4:Ins:R:5	1.11E-07	3.51E-07	3.39E-07	1.77E-07
5:Ins:R:0	7.37E-03	8.80E-03	9.98E-06	1.50E-05
5:Ins:R:1	1.67E-03	4.74E-03	1.37E-02	1.07E-02
5:Ins:R:2	9.83E-04	1.62E-03	6.76E-04	8.63E-07
5:Ins:R:3	1.11E-07	3.51E-07	3.39E-07	1.77E-07
5:Ins:R:4	1.11E-07	3.51E-07	3.39E-07	1.77E-07
5:Ins:R:5	1.11E-07	3.51E-07	3.39E-07	1.77E-07
2:Del:M:1	4.87E-03	4.46E-03	5.23E-03	3.80E-03
3:Del:M:1	3.02E-03	1.24E-03	3.97E-03	2.16E-03
3:Del:M:2	1.81E-03	2.61E-03	4.79E-03	3.48E-03
4:Del:M:1	8.67E-04	9.04E-04	2.07E-03	2.22E-03
4:Del:M:2	2.79E-03	3.08E-03	2.52E-03	5.67E-04
4:Del:M:3	1.99E-03	2.77E-03	1.84E-03	2.39E-03
5:Del:M:1	5.83E-03	1.27E-02	8.43E-03	4.50E-03
5:Del:M:2	9.33E-03	1.28E-02	5.61E-03	2.65E-03
5:Del:M:3	2.22E-03	4.01E-03	2.06E-03	1.19E-03
5:Del:M:4	1.34E-03	1.36E-03	1.90E-03	8.58E-04
5:Del:M:5	4.66E-03	9.31E-03	4.23E-03	6.76E-04
