MutationType	ID2	ID7	ID8	ID23	ID25
1:Del:C:0	0.00482412	0.00046656	0.03982756	0.05169788	0.03316423
1:Del:C:1	0.00002210	0.00000000	0.02391594	0.10619410	0.01537897
1:Del:C:2	0.00000311	0.00856194	0.00333055	0.05287559	0.01384408
1:Del:C:3	0.00247208	0.04236015	0.00540315	0.03862287	0.00689178
1:Del:C:4	0.00385698	0.11489191	0.00127571	0.01125206	0.00438559
1:Del:C:5	0.01461542	0.25176314	0.00093373	0.00573968	0.00642889
1:Del:T:0	0.00790597	0.00266749	0.03424369	0.21323872	0.26254261
1:Del:T:1	0.00000000	0.00773273	0.01045208	0.11431327	0.01134398
1:Del:T:2	0.00703642	0.00025476	0.00899203	0.05769072	0.01532400
1:Del:T:3	0.02023474	0.02897274	0.00982504	0.03864648	0.01790305
1:Del:T:4	0.04711993	0.15885055	0.00127378	0.01990450	0.01025024
1:Del:T:5	0.81469723	0.00000019	0.01062034	0.00484058	0.04611943
1:Ins:C:0	0.00000000	0.00067237	0.00276427	0.00228553	0.00112228
1:Ins:C:1	0.00022703	0.00002620	0.00216912	0.00057783	0.00494242
1:Ins:C:2	0.00002620	0.00002580	0.00152700	0.00147472	0.00230421
1:Ins:C:3	0.00043005	0.00240773	0.00011652	0.00171284	0.01107799
1:Ins:C:4	0.00291185	0.01548543	0.00055418	0.00010835	0.00302963
1:Ins:C:5	0.00901754	0.06034323	0.00048949	0.00126133	0.02183345
1:Ins:T:0	0.00132856	0.00000136	0.00450798	0.00623642	0.01448952
1:Ins:T:1	0.00000000	0.00037365	0.00486870	0.01262155	0.01618837
1:Ins:T:2	0.00064703	0.01838271	0.00142964	0.01057210	0.00597962
1:Ins:T:3	0.00108288	0.00889164	0.00108729	0.00581943	0.00563053
1:Ins:T:4	0.00348746	0.01278797	0.00082262	0.00330097	0.00357056
1:Ins:T:5	0.00313258	0.01078985	0.02016125	0.00027934	0.34213643
2:Del:R:0	0.00016381	0.00002330	0.00876922	0.02385067	0.00488513
2:Del:R:1	0.00356888	0.00818230	0.01030715	0.05613034	0.01295105
2:Del:R:2	0.00184957	0.00899154	0.00053203	0.02322644	0.00651219
2:Del:R:3	0.00073904	0.07213214	0.00002710	0.00668162	0.00184115
2:Del:R:4	0.00088193	0.05225084	0.00027403	0.00180121	0.00129842
2:Del:R:5	0.00000000	0.05704633	0.00083308	0.00049256	0.00017077
3:Del:R:0	0.00001250	0.00062541	0.01096410	0.00495202	0.00085435
3:Del:R:1	0.00500326	0.01168900	0.00134887	0.00300516	0.01169181
3:Del:R:2	0.00228989	0.00547485	0.00037657	0.00049782	0.00111746
3:Del:R:3	0.00040259	0.00345675	0.00025351	0.00010400	0.00002435
3:Del:R:4	0.00000000	0.00049254	0.00000268	0.00005494	0.00006255
3:Del:R:5	0.00000000	0.00043659	0.00009100	0.00004982	0.00029702
4:Del:R:0	0.00001210	0.00013088	0.00669131	0.00285339	0.00019409
4:Del:R:1	0.00211579	0.00339680	0.00162295	0.00219556	0.00339009
4:Del:R:2	0.00054329	0.00277739	0.00027262	0.00016080	0.00092652
4:Del:R:3	0.00000727	0.00043959	0.00002880	0.00011157	0.00019445
4:Del:R:4	0.00000000	0.00020181	0.00009730	0.00002620	0.00005655
4:Del:R:5	0.00021041	0.00025076	0.00000634	0.00001370	0.00000806
5:Del:R:0	0.00003850	0.00008550	0.23797886	0.01685377	0.00340893
5:Del:R:1	0.00297751	0.00347673	0.00057226	0.00003437	0.00222752
5:Del:R:2	0.00039753	0.00116890	0.00051684	0.00001160	0.00037639
5:Del:R:3	0.00015815	0.00040662	0.00000816	0.00000767	0.00025060
5:Del:R:4	0.00008470	0.00012588	0.00011290	0.00003031	0.00002075
5:Del:R:5	0.00002120	0.00002080	0.00004430	0.00000160	0.00005207
2:Ins:R:0	0.00033185	0.00003040	0.00191671	0.00376734	0.00720895
2:Ins:R:1	0.00027166	0.00039763	0.00166182	0.00326139	0.00203569
2:Ins:R:2	0.00103534	0.00007010	0.00030459	0.00154666	0.00064392
2:Ins:R:3	0.00038133	0.00314704	0.00017758	0.00024006	0.00035493
2:Ins:R:4	0.00197742	0.00182828	0.00001660	0.00022169	0.00088684
2:Ins:R:5	0.01363338	0.00024477	0.00176438	0.00000259	0.01049181
3:Ins:R:0	0.00005780	0.00000000	0.00066786	0.00077334	0.00382815
3:Ins:R:1	0.00122705	0.00000551	0.00067172	0.00152975	0.00028760
3:Ins:R:2	0.00021007	0.00005470	0.00013577	0.00004958	0.00059532
3:Ins:R:3	0.00000302	0.00017783	0.00003790	0.00004653	0.00017021
3:Ins:R:4	0.00014181	0.00041561	0.00012204	0.00001575	0.00011381
3:Ins:R:5	0.00186471	0.00076928	0.00003660	0.00001267	0.00253638
4:Ins:R:0	0.00001680	0.00000000	0.00077776	0.00052016	0.00309713
4:Ins:R:1	0.00120373	0.00002610	0.00110390	0.00136458	0.00213109
4:Ins:R:2	0.00001220	0.00019482	0.00007990	0.00039980	0.00011109
4:Ins:R:3	0.00013417	0.00027374	0.00000858	0.00000479	0.00001627
4:Ins:R:4	0.00024939	0.00025876	0.00020551	0.00003082	0.00043988
4:Ins:R:5	0.00219354	0.00000874	0.00088523	0.00000719	0.00070282
5:Ins:R:0	0.00000000	0.00000000	0.00031833	0.00072143	0.00047280
5:Ins:R:1	0.00013566	0.00000000	0.00976111	0.00229238	0.00001324
5:Ins:R:2	0.00000553	0.00000884	0.00010115	0.00021296	0.00005698
5:Ins:R:3	0.00009770	0.00000446	0.00007090	0.00000302	0.00021686
5:Ins:R:4	0.00000215	0.00001060	0.00000674	0.00005035	0.00001411
5:Ins:R:5	0.00011563	0.00000428	0.00019055	0.00000260	0.00012446
2:Del:M:1	0.00017555	0.00312706	0.00491367	0.03953384	0.00906527
3:Del:M:1	0.00000055	0.00025476	0.00929034	0.00210806	0.00239704
3:Del:M:2	0.00294406	0.00463564	0.00430269	0.00445127	0.00758805
4:Del:M:1	0.00014700	0.00018383	0.00580955	0.00334573	0.00191716
4:Del:M:2	0.00055061	0.00101904	0.00159159	0.00271152	0.00280550
4:Del:M:3	0.00069357	0.00071732	0.00109834	0.00175756	0.00149240
5:Del:M:1	0.00062496	0.00002360	0.28072426	0.01006779	0.00359075
5:Del:M:2	0.00011771	0.00024577	0.12361016	0.00828299	0.00329719
5:Del:M:3	0.00005670	0.00006160	0.04613041	0.00336542	0.00023289
5:Del:M:4	0.00046284	0.00006820	0.01636726	0.00213513	0.00015915
5:Del:M:5	0.00236732	0.00173836	0.01281488	0.00074925	0.00221017
